initial: 6
0.2676440674582937	0.10865204861886037	0.18479949204508134	0.1608750987093304	0.1623982101806284	0.11563108298780506	

transition: 6
0.30018614089515305	0.2956271897496281	0.09348649561230395	0.09620491216422278	0.10899248095143314	0.10550278062725568	
0.0993304417132596	0.29717263777276576	0.28445905321825654	0.0987510897004105	0.1127685800978096	0.1075181974975012	
0.099701107238117	0.09884035483602335	0.28342847797190673	0.29592122806136384	0.11376778047258618	0.10834105142000022	
0.09503169961946259	0.09419004847629028	0.09008946193880216	0.2841875082099775	0.331796268123256	0.10470501363221145	
0.08998817490747275	0.08910661445027927	0.08516539555900696	0.08971833811985483	0.3318892216016354	0.31413225536175504	
0.2817585110711259	0.09342170568770551	0.08951636704497191	0.09351511663611767	0.11446143633359487	0.3273268632264836	

observation: 6
0.08589993424213316	0.07572898995075825	0.08059176286341273	0.0787019905993065	0.07688331833942307	0.07599957676815236	
0.0805176636549511	0.0742586234727312	0.07654823509226398	0.07573852384014264	0.07502546721140993	0.07466369871418425	
0.39267450843036833	0.3947648616180948	0.39786821453702004	0.40887195949645905	0.4152141946748051	0.40744894862045	
0.1840810968625993	0.18003890943694165	0.16792908608123155	0.1622855943974081	0.17022434600383515	0.184015899669083	
0.026734026419700435	0.026415207632606796	0.02446691670167233	0.02332650202688383	0.024269494083883823	0.026461971038280893	
0.23009277039024556	0.24879340788886894	0.2525957847243934	0.2510754296397994	0.2383831796866464	0.23140990518984655	