initial: 6
0.2559546950020365	0.10379009643705339	0.17559788380441652	0.17144928700212	0.17840519492673323	0.11480284282763967	

transition: 6
0.3519073688933115	0.3272720535929345	0.08298397491590721	0.08117495092329358	0.0749546577091195	0.08170699396543481	
0.12514332265315278	0.35092098834420066	0.2685071878707669	0.08762591339022337	0.08044585250479451	0.0873567352368658	
0.13112142106705635	0.12266012295344562	0.2839100506989424	0.2803091940710816	0.08782016738562452	0.09417904382385114	
0.13077270931342355	0.12260756655160293	0.09532896942483089	0.2851149368348776	0.2707391305172714	0.09543668735799742	
0.12632727244550937	0.11865750078102139	0.09358207455985112	0.09468835564694489	0.27847737038403836	0.2882674261826353	
0.3562619541266947	0.11141788854889738	0.08772692195876157	0.0879716010683857	0.0860742886112384	0.2705473456860241	

observation: 6
0.29940439325409285	0.2879978809986744	0.29280913383905993	0.2922054264698475	0.295317073282915	0.29567640192736305	
0.16033504969797918	0.1593437747123076	0.15620483501637117	0.15510250747041948	0.15637077388695672	0.16043153291373416	
0.27867852748374417	0.2822604215728468	0.2763944859505489	0.2701443992574478	0.2673559336926269	0.27341923522863243	
0.21500604037832213	0.21776362283384446	0.21328660593422366	0.21178317618171646	0.21196291445703852	0.21598600964706616	
0.009359558106471618	0.010144716845189819	0.010795293876610063	0.011453199333385075	0.011167567218487395	0.009980635202686407	
0.03721643107938886	0.04248958303714197	0.05050964538318878	0.05931129128718395	0.057825737461977895	0.04450618508051772	