initial: 6
0.21834732033556475	0.10610779355334657	0.20266201240600556	0.18787286214333712	0.18310709025484434	0.10190292130690183	

transition: 6
0.3030808183146562	0.30296568518157346	0.09979007691921069	0.09919921649980634	0.09736316276130931	0.09760104032344609	
0.10094964398400869	0.3027503164469248	0.300646846188013	0.09970886919496555	0.09788812200137934	0.09805620218470971	
0.10251276316108549	0.10209393285997351	0.30134723099170196	0.2993448361941752	0.09703016049755855	0.09767107629550037	
0.10328380545635699	0.10291577069382528	0.10096453518774608	0.3012796378203452	0.29328758188821996	0.09826866895350707	
0.1019641311665745	0.1017577605472909	0.10047579257390794	0.10019164984419747	0.29759897031706184	0.2980116955509706	
0.3033645437422484	0.1009799842107418	0.09980329549020744	0.0996140529663627	0.09904144881596119	0.29719667477447764	

observation: 6
0.14742858405008413	0.14746051488798484	0.14788817899628978	0.14813888002304243	0.14806834422584922	0.14733450811277615	
0.12790562659316565	0.12574391399472842	0.12663122934567794	0.12594563154420266	0.1259632830857966	0.12530876237244076	
0.26203970182337705	0.26147213464141755	0.26158120755340397	0.2612468381734402	0.26113825384336437	0.2613823573064727	
0.2256045936804725	0.22423825155078092	0.22422101194604388	0.22340553846644037	0.22332060046351196	0.2239806428951887	
0.16376244473692647	0.1661161015809999	0.16473033554212413	0.1657230695984419	0.16629351732084	0.1670447144607592	
0.07325904911597617	0.07496908334408943	0.07494803661645971	0.0755400421944359	0.07521600106063997	0.07494901485236133	