initial: 6
0.19967896911192334	0.10198765001157657	0.20721097495764362	0.20138451131481305	0.19268901886116763	0.09704887574287607	

transition: 6
0.3427698476342221	0.32072630391489587	0.08593375934128714	0.08437495029967618	0.08017914980846082	0.08601598900145838	
0.12111211314807191	0.34095496564595235	0.2740717542390609	0.08944082653539881	0.08414972531402852	0.09027061511748959	
0.12021208108500497	0.11407939204062598	0.290270616853212	0.28743982814349084	0.09195513805499268	0.09604294382266956	
0.11863701369505904	0.11277151228577618	0.09678019013931043	0.2913052676654506	0.28343914053480246	0.09706687567959504	
0.11487605300353021	0.10905464234409828	0.09415828970776681	0.09615870876683634	0.2916644965279777	0.29408780964979087	
0.33774072405173705	0.10605648194876752	0.0898615203050929	0.09075872527723515	0.09186579565400652	0.2837167527631611	

observation: 6
0.3081257129299068	0.3018391086868569	0.2916199066900893	0.288258705199672	0.29354964475128226	0.30680097849556165	
0.1425694631949095	0.13995300448043735	0.13625165746656248	0.135104232387916	0.1372140690292605	0.141975324442052	
0.15953916645338892	0.15981883468125327	0.16314112844787063	0.16356761276508167	0.16268317901732432	0.1594828817118613	
0.21159468931072187	0.210491179987641	0.21084337390399	0.21067976538866998	0.211142795930876	0.21166734232540513	
0.1275412805968852	0.13320643271056484	0.13329706568138197	0.12513575246389633	0.11858549340819559	0.11930349246129526	
0.05062968751418632	0.05469143945324501	0.06484686781010247	0.07725393179476003	0.07682481786306232	0.06076998056382359	