initial: 6
0.23834418484229217	0.10396804532942272	0.18483337303261088	0.17938310316297762	0.1839586326003523	0.10951266103234168	

transition: 6
0.3437610266900684	0.3220438396829625	0.08582061719838698	0.08416232271925915	0.07923566491811744	0.0849765287912057	
0.12072397843581839	0.34142437523019076	0.27489023334027385	0.08980235153528218	0.08376371799740699	0.08939534346102844	
0.12095801734323261	0.11498689979473585	0.2905273566432088	0.2871863667642796	0.0910914667522959	0.0952498927022473	
0.12018979985505251	0.1144224060599519	0.09725930547243458	0.2913242645114996	0.28032634314225174	0.09647788095880663	
0.11720824303703363	0.11139253812580141	0.09500602730164089	0.09628513240983096	0.2876613559553338	0.2924467031703593	
0.3398196143598198	0.1071181451426784	0.09051293053342284	0.09104884312520661	0.09078404132016556	0.2807164255187089	

observation: 6
0.3185145882361703	0.30795701091686584	0.305552196743472	0.30381796333839844	0.30856181575198677	0.31534740714302706	
0.14324092026998173	0.1413100533022491	0.13737058673722657	0.13685465084917992	0.13890537561876298	0.14345155334154264	
0.1617627257358529	0.1611736466677659	0.164298468677585	0.16492333122719685	0.1643259699112576	0.1613792568425923	
0.20420166134294293	0.2061842591306241	0.20231035113803747	0.20176476667368837	0.20246640167173863	0.20597617662565185	
0.12804639003760496	0.13461782138123815	0.13330028163016083	0.12587670439932566	0.11970547484465352	0.12099487058617873	
0.044233714377447	0.048757208601258255	0.057168115073518724	0.06676258351220575	0.06603496220160174	0.05285073546100936	